.,ADJ,ADP,ADV,CONJ,DET,NOUN,NUM,PRON,PRT,VERB,X
0.11052631578947368,0.07333333333333333,0.11333333333333333,0.04982456140350877,0.025964912280701753,0.09263157894736843,0.2031578947368421,0.011578947368421053,0.07964912280701754,0.03368421052631579,0.20526315789473684,0.0010526315789473684
0.10785619174434088,0.08455392809587217,0.09420772303595207,0.03861517976031957,0.030958721704394142,0.09254327563249001,0.2097203728362184,0.007989347536617843,0.08055925432756325,0.044274300932090546,0.20639147802929428,0.002330226364846871
0.1003030303030303,0.0803030303030303,0.10212121212121213,0.04303030303030303,0.03515151515151515,0.10454545454545454,0.21424242424242423,0.00909090909090909,0.07757575757575758,0.03666666666666667,0.19666666666666666,0.00030303030303030303
0.1098014888337469,0.07040942928039702,0.09429280397022333,0.06265508684863523,0.03287841191066997,0.09181141439205956,0.18331265508684863,0.008374689826302729,0.08684863523573201,0.04683622828784119,0.21122828784119108,0.0015508684863523574
0.1146968426934898,0.06258731489242805,0.09779267951941883,0.057418273260687346,0.03101424979044426,0.09262363788767812,0.19572506286672256,0.014249790444258172,0.0857781503213188,0.03883766415199776,0.20885722268790166,0.00041911148365465214
0.10877919006798699,0.06828258941767662,0.09222583505764115,0.047443097842151935,0.031185338456990837,0.09503399349689624,0.2141590304463494,0.012415016257759386,0.07921962754951227,0.04552172627845108,0.20543895950339935,0.0002955956251847473
0.11804767309875142,0.07588778984919733,0.0904815955894276,0.060158910329171394,0.04183557645532674,0.10588616831522621,0.1979892978757905,0.009080590238365494,0.07410410248094698,0.03275498621696125,0.19247608237392574,0.0012972271769093563
0.09185498292960494,0.061128271825719394,0.11461550967322387,0.061128271825719394,0.03316533896927329,0.11364005852706877,0.1978540074784588,0.013168590473093806,0.07478458787189075,0.034140790115428386,0.2035441391643635,0.0009754511461550967
0.11277192045909516,0.0656612838649406,0.09568931002268784,0.0627252101961831,0.03549979981315895,0.10156145736020286,0.18951020952889364,0.01187775256906446,0.07874015748031496,0.04057119978646737,0.20405711997864673,0.0013345789403443214
0.11160774752810511,0.07124475145604768,0.08980089394555059,0.05174048489773805,0.03033997020181498,0.09129080319653257,0.18894758228362454,0.008262224028172829,0.09223892726533929,0.040092103480969796,0.22375728023838548,0.0006772314777190844
0.10107858243451463,0.07765793528505392,0.1,0.05701078582434515,0.03559322033898305,0.08721109399075501,0.20647149460708783,0.016178736517719568,0.07935285053929121,0.03975346687211094,0.19969183359013867,0.0
0.1191782420917474,0.06174857009454885,0.08474378428854909,0.05918057663125948,0.03583518151044707,0.09244776467841719,0.2020543947706315,0.019143223999066185,0.08661141589821408,0.03303373409594958,0.2035718454534843,0.002451266487685304
0.1190749784544671,0.06937661591496697,0.09264579143924159,0.06363114047687446,0.03418557885665039,0.08216029876472278,0.17710428037920137,0.011347313990232692,0.09408216029876472,0.03863832232117208,0.21689169778799194,0.0008618213157138753
0.13695090439276486,0.06658715961041542,0.08447624726694494,0.07036374478234943,0.036076326774001195,0.07652554164182071,0.16209501093222023,0.012522361359570662,0.10345855694692904,0.0312065195786126,0.21874378851123036,0.0009938382031405286
0.11194547134935305,0.07982902033271719,0.08872458410351201,0.0561460258780037,0.03997227356746765,0.0862985212569316,0.2081792975970425,0.009704251386321626,0.08156192236598891,0.033271719038817,0.20367375231053605,0.0006931608133086876
0.11042412409155006,0.07809957696062479,0.09773294283544853,0.05315110098709187,0.03427703655494088,0.10098709187547457,0.22041436164442998,0.006182883176049463,0.0721336370539104,0.03416856492027335,0.19156090682286583,0.0008677730773402755
0.11438474870017332,0.05496410002475861,0.08541718247090864,0.05224065362713543,0.024015845506313444,0.08541718247090864,0.17850953206239167,0.010893785590492696,0.10175786085664769,0.052735825699430555,0.23743500866551126,0.0022282743253280515
0.11623303167420815,0.06787330316742081,0.09643665158371041,0.057692307692307696,0.039875565610859726,0.08823529411764706,0.18891402714932126,0.00904977375565611,0.09021493212669683,0.039875565610859726,0.20361990950226244,0.0019796380090497737
0.10406232609905398,0.05564830272676683,0.10294936004451864,0.06176961602671119,0.036449638286032274,0.10851419031719532,0.18141346688925988,0.0025041736227045075,0.08736783528102393,0.04257095158597663,0.216471897607123,0.0002782415136338342
0.09594383775351015,0.06058242329693188,0.09308372334893396,0.061102444097763914,0.037701508060322415,0.07722308892355695,0.15678627145085802,0.008060322412896516,0.12168486739469579,0.05122204888195528,0.23634945397815912,0.00026001040041601667
0.11476466795615732,0.05738233397807866,0.10831721470019343,0.059961315280464215,0.038039974210186976,0.0915538362346873,0.18052869116698905,0.005802707930367505,0.0973565441650548,0.03868471953578337,0.2076079948420374,0.0
0.14993215739484397,0.05495251017639077,0.07937584803256445,0.06309362279511534,0.032564450474898234,0.09769335142469471,0.16621438263229307,0.013568521031207599,0.09158751696065129,0.036635006784260515,0.2130257801899593,0.0013568521031207597
0.12462908011869436,0.07240356083086054,0.10445103857566766,0.048071216617210685,0.035014836795252226,0.09554896142433235,0.19881305637982197,0.013649851632047478,0.0771513353115727,0.027299703264094956,0.2029673590504451,0.0
0.11866913123844731,0.066543438077634,0.08983364140480592,0.05508317929759704,0.043992606284658044,0.09833641404805915,0.17375231053604437,0.005545286506469501,0.08687615526802218,0.05064695009242144,0.20961182994454713,0.0011090573012939
0.1251528740317978,0.07623318385650224,0.10069302894415003,0.055034651447207504,0.02282918874847126,0.09865470852017937,0.19853240929474114,0.013860578883000407,0.07093355075417855,0.03872808805544232,0.1993477374643294,0.0
0.13183000867302688,0.05464006938421509,0.10841283607979185,0.060711188204683436,0.033824804856895055,0.10320901994796183,0.15004336513443192,0.005203816131830009,0.08846487424111014,0.03902862098872507,0.22289679098005205,0.0017346053772766695
0.1421121251629726,0.05345501955671447,0.07822685788787484,0.06388526727509779,0.03129074315514994,0.10039113428943937,0.1877444589308996,0.020860495436766623,0.08996088657105607,0.03650586701434159,0.19556714471968709,0.0
0.1169811320754717,0.06918238993710692,0.10314465408805032,0.05157232704402516,0.03270440251572327,0.10628930817610063,0.16289308176100628,0.006289308176100629,0.0880503144654088,0.045283018867924525,0.2169811320754717,0.0006289308176100629
0.11435941530524506,0.0644883920894239,0.11092003439380911,0.055030094582975066,0.025795356835769563,0.11349957007738606,0.1943250214961307,0.005159071367153913,0.07394668959587274,0.03955288048151333,0.20120378331900257,0.0017196904557179708
0.13276123170116103,0.06511862695608278,0.10398788490661282,0.05098435133770823,0.03735487127713276,0.08833922261484099,0.18475517415446743,0.010095911155981827,0.08884401817264008,0.04644119131751641,0.19081272084805653,0.0005047955577990914
0.13029925187032418,0.07917705735660847,0.09413965087281795,0.057356608478802994,0.029301745635910224,0.10972568578553615,0.18329177057356608,0.011845386533665835,0.08042394014962594,0.029925187032418952,0.19326683291770574,0.0012468827930174563
0.14719101123595504,0.0651685393258427,0.09213483146067415,0.051685393258426963,0.046067415730337076,0.0898876404494382,0.1393258426966292,0.011235955056179775,0.10561797752808989,0.038202247191011236,0.21123595505617979,0.0022471910112359553
0.11870503597122302,0.06618705035971223,0.11726618705035971,0.04100719424460432,0.03597122302158273,0.11151079136690648,0.18776978417266188,0.006474820143884892,0.0856115107913669,0.03884892086330935,0.18992805755395684,0.0007194244604316547
0.14653692043503147,0.06239267315397825,0.10246136233543217,0.05437893531768746,0.0412135088723526,0.10589582140812821,0.16657126502575845,0.0045792787635947334,0.07727532913566114,0.03205495134516314,0.20606754436176303,0.0005724098454493417
0.1312280701754386,0.05824561403508772,0.10666666666666667,0.06526315789473684,0.030877192982456142,0.09754385964912281,0.1880701754385965,0.014736842105263158,0.07368421052631578,0.030175438596491227,0.20210526315789473,0.0014035087719298245
0.13733905579399142,0.07896995708154507,0.08755364806866953,0.04721030042918455,0.02832618025751073,0.09184549356223176,0.19399141630901287,0.022317596566523604,0.07725321888412018,0.04377682403433476,0.1905579399141631,0.0008583690987124463
0.08835672997522709,0.07431874483897605,0.10941370767960364,0.049132947976878616,0.037985136251032205,0.10941370767960364,0.21593724194880265,0.006606110652353427,0.07844756399669695,0.033856317093311314,0.19570602807597026,0.0008257638315441783
0.1151622943530458,0.07692307692307693,0.09737661182747888,0.050689195197865716,0.02845709204090707,0.09026233881725211,0.22987994664295242,0.00755891507336594,0.08848377056469542,0.03201422854602046,0.18319253001333927,0.0
0.09469964664310954,0.08056537102473499,0.096113074204947,0.05971731448763251,0.03286219081272085,0.1,0.1812720848056537,0.021908127208480566,0.08091872791519435,0.04628975265017668,0.20565371024734982,0.0
0.14478927665740854,0.05820553073300326,0.08984422171235358,0.060862214708368556,0.024393189228354064,0.09431228112546794,0.16616350682284747,0.011955077889143823,0.09998792416374834,0.03598599202994807,0.2118101678541239,0.0016906170752324597
0.158786701208981,0.057426597582038,0.0768566493955095,0.06627806563039723,0.030008635578583766,0.0765328151986183,0.1533894645941278,0.01716321243523316,0.1169041450777202,0.02731001727115717,0.2165371329879102,0.0028065630397236616
0.11446886446886446,0.059981684981684984,0.11813186813186813,0.06456043956043957,0.03250915750915751,0.09981684981684982,0.18681318681318682,0.013736263736263736,0.0782967032967033,0.039377289377289376,0.19184981684981686,0.0004578754578754579
0.11668003207698477,0.066158781074579,0.09983961507618284,0.06134723336006415,0.03809141940657578,0.07858861267040898,0.19005613472333602,0.00400962309542903,0.08299919807538092,0.04971932638331997,0.21090617481956697,0.0016038492381716118
0.12026813880126183,0.06624605678233439,0.10410094637223975,0.06782334384858044,0.03706624605678233,0.08517350157728706,0.16798107255520506,0.0031545741324921135,0.08241324921135647,0.04337539432176656,0.222397476340694,0.0
0.14421553090332806,0.060221870047543584,0.08716323296354993,0.056259904912836764,0.021394611727416798,0.09746434231378764,0.1735340729001585,0.026148969889064975,0.08003169572107766,0.04120443740095087,0.2115689381933439,0.000792393026941363
0.11201531833413117,0.06031594064145524,0.1077070368597415,0.05313547151747248,0.03303015797032073,0.1038774533269507,0.19818094782192436,0.010052656773575874,0.07515557683101963,0.0440402106270943,0.20201053135471517,0.0004786979415988511
0.15486725663716813,0.06710914454277286,0.0943952802359882,0.049410029498525077,0.025073746312684365,0.09882005899705015,0.21091445427728614,0.01327433628318584,0.058997050147492625,0.05088495575221239,0.1762536873156342,0.0
0.1435228331780056,0.07082945013979497,0.08667287977632805,0.04193849021435228,0.02516309412861137,0.08480894687791239,0.2320596458527493,0.009319664492078284,0.06989748369058714,0.04193849021435228,0.1929170549860205,0.0009319664492078285
0.10442105263157894,0.07073684210526315,0.11326315789473684,0.06021052631578947,0.034105263157894736,0.12294736842105262,0.2,0.009263157894736843,0.06231578947368421,0.031157894736842107,0.18905263157894736,0.0025263157894736842
0.10171149144254278,0.06356968215158924,0.09877750611246944,0.05916870415647922,0.02493887530562347,0.11051344743276284,0.19462102689486552,0.017603911980440097,0.07481662591687041,0.04352078239608802,0.20880195599022006,0.0019559902200488996
0.11058823529411765,0.08274509803921569,0.09450980392156863,0.05607843137254902,0.03215686274509804,0.10470588235294118,0.1976470588235294,0.025098039215686273,0.060784313725490195,0.038431372549019606,0.19607843137254902,0.001176470588235294
0.12439772229522558,0.056504599211563734,0.09548839246605344,0.0639509417433202,0.03898379325448971,0.09899255365746824,0.17958826106000875,0.0056942619360490585,0.09198423127463863,0.03153745072273324,0.21068769163381515,0.002190100744634253
0.09850881156800723,0.06416629010393131,0.08992318120198825,0.06009941256213285,0.03434252146407592,0.09896068685042927,0.18978761861726162,0.015363759602349751,0.0867600542250339,0.04157252598282874,0.21961138725711704,0.0009037505648441031
0.09395473496128648,0.07787373436569386,0.10735556879094699,0.051518761167361524,0.03439547349612865,0.10482430017867779,0.22111375818939846,0.014740917212626563,0.06670637284097677,0.03692674210839786,0.18999404407385348,0.0005955926146515784
0.08507042253521127,0.07422535211267606,0.11788732394366197,0.05253521126760563,0.025915492957746478,0.10323943661971831,0.20464788732394365,0.009154929577464789,0.0876056338028169,0.04408450704225352,0.19535211267605634,0.00028169014084507044
0.13620071684587814,0.06571087216248507,0.0931899641577061,0.04579848665870171,0.0362405416168857,0.11589008363201912,0.19076065312624452,0.009956192751891677,0.07765830346475508,0.029470330545599364,0.19792911190760654,0.0011947431302270011
0.12601106853980418,0.05832269050659855,0.08556832694763729,0.06385696040868455,0.04257130693912303,0.09961685823754789,0.1839080459770115,0.006385696040868455,0.09195402298850575,0.034482758620689655,0.20434227330779056,0.002979991485738612
0.11988795518207283,0.0784313725490196,0.09803921568627451,0.058823529411764705,0.02969187675070028,0.11148459383753502,0.1843137254901961,0.010084033613445379,0.0711484593837535,0.03361344537815126,0.20168067226890757,0.0028011204481792717
0.12280296022201666,0.0622109158186864,0.09458834412580944,0.05365402405180388,0.03353376503237743,0.09181313598519888,0.1942645698427382,0.010175763182238668,0.0862627197039778,0.03839037927844589,0.21114708603145235,0.001156336725254394
0.12119856887298748,0.049194991055456175,0.10465116279069768,0.050983899821109124,0.03756708407871199,0.11538461538461539,0.18246869409660108,0.014311270125223614,0.09033989266547406,0.03711985688729875,0.19633273703041146,0.0004472271914132379
0.1044776119402985,0.09669046073977937,0.10123296560674887,0.06424399740428294,0.030499675535366644,0.10642439974042829,0.18948734587929916,0.00973393900064893,0.06748864373783257,0.04023361453601557,0.18818948734587929,0.0012978585334198572
0.11827956989247312,0.06041986687147977,0.09831029185867896,0.05478750640040963,0.029185867895545316,0.12544802867383512,0.21454173067076293,0.014336917562724014,0.0701484895033282,0.02867383512544803,0.18535586277521762,0.0005120327700972862
0.11068493150684931,0.0547945205479452,0.09315068493150686,0.06986301369863014,0.042739726027397264,0.10849315068493151,0.18493150684931506,0.005479452054794521,0.08657534246575342,0.03095890410958904,0.2115068493150685,0.0008219178082191781
0.10298608754665761,0.059043094672548355,0.10807600950118765,0.05632846963013234,0.03495079742110621,0.10417373600271462,0.21343739395995928,0.01323379708177808,0.06956226671191042,0.03427214116050221,0.2027485578554462,0.0011876484560570072
0.10823226754869533,0.06137449467107681,0.10143329658213891,0.048695332598309445,0.03454612274898934,0.10014700477765527,0.21536199926497612,0.01304667401690555,0.0711135611907387,0.03840499816244028,0.20690922454979788,0.000735023888276369
0.09573333333333334,0.07946666666666667,0.09733333333333333,0.0576,0.0256,0.10773333333333333,0.20106666666666667,0.010933333333333333,0.07306666666666667,0.0376,0.21386666666666668,0.0
0.12373225152129817,0.06997971602434078,0.10446247464503043,0.06693711967545639,0.02738336713995943,0.11663286004056796,0.16734279918864098,0.004056795131845842,0.08924949290060852,0.02535496957403651,0.20081135902636918,0.004056795131845842
0.13880742913000976,0.06256109481915934,0.09188660801564028,0.05278592375366569,0.028347996089931573,0.08797653958944282,0.2101661779081134,0.021505376344086023,0.06940371456500488,0.039100684261974585,0.19745845552297164,0.0
0.11805961426066627,0.061952074810052604,0.10403272939801286,0.05084745762711865,0.049094097019286964,0.09643483343074226,0.1694915254237288,0.009935710111046173,0.09059029807130334,0.026884862653419054,0.22209234365867914,0.0005844535359438924
0.12254901960784313,0.06447963800904978,0.09615384615384616,0.05015082956259427,0.03733031674208145,0.09728506787330317,0.18137254901960784,0.007918552036199095,0.0863499245852187,0.04110105580693816,0.21380090497737556,0.0015082956259426848
0.11911658218682114,0.08037653874004344,0.09666908037653874,0.055756698044895005,0.02896451846488052,0.10101375814627082,0.1788559015206372,0.010499637943519189,0.09268645908761766,0.03729181752353367,0.19768283852280955,0.0010861694424330196
0.12848484848484848,0.06868686868686869,0.09656565656565656,0.042828282828282827,0.041212121212121214,0.0892929292929293,0.19313131313131313,0.011313131313131313,0.1006060606060606,0.035555555555555556,0.1919191919191919,0.00040404040404040404
0.107421875,0.059244791666666664,0.11328125,0.048177083333333336,0.03515625,0.11848958333333333,0.17122395833333334,0.004557291666666667,0.10677083333333333,0.029947916666666668,0.20572916666666666,0.0
0.13109425785482123,0.07150595882990249,0.09263271939328277,0.050920910075839654,0.03087757313109426,0.09750812567713976,0.19880823401950162,0.02112676056338028,0.08071505958829903,0.03737811484290358,0.18634886240520043,0.0010834236186348862
0.1111111111111111,0.0707070707070707,0.10858585858585859,0.050505050505050504,0.046296296296296294,0.11363636363636363,0.20875420875420875,0.005050505050505051,0.06818181818181818,0.03198653198653199,0.18518518518518517,0.0
0.1175584024114544,0.059532780708364735,0.08741522230595328,0.06330067822155237,0.044461190655614165,0.0987189148455162,0.1710625470987189,0.006028636021100226,0.11152976639035418,0.0293896006028636,0.21100226073850792,0.0
0.11582626060908637,0.0691462805791313,0.09385921118322517,0.06240639041437843,0.03619570644033949,0.09585621567648527,0.1784822765851223,0.01672491263105342,0.08861707438841737,0.039690464303544684,0.2031952071892162,0.0
0.09562084257206209,0.08508869179600886,0.10504434589800443,0.042405764966740575,0.03187361419068736,0.09977827050997783,0.21812638580931265,0.014135254988913526,0.07206208425720621,0.03991130820399113,0.1951219512195122,0.0008314855875831486
0.12360754070265638,0.0689802913453299,0.08976006855184233,0.05934018851756641,0.032776349614395885,0.09832904884318766,0.17095115681233933,0.00856898029134533,0.08097686375321336,0.03984575835475578,0.22579263067694944,0.0010711225364181663
0.11744084136722173,0.07887817703768624,0.09815950920245399,0.04864154250657318,0.031113058720420684,0.11042944785276074,0.18799298860648553,0.007011393514460999,0.08369851007887817,0.03593339176161262,0.2007011393514461,0.0
0.1225296442687747,0.06895037329819939,0.09354413702239789,0.052261747913921824,0.041721563460693896,0.09749670619235837,0.19279754062362758,0.005270092226613966,0.08959156785243742,0.03732981993851559,0.1985068072024594,0.0
0.10649087221095335,0.06389452332657201,0.10851926977687627,0.07809330628803246,0.04006085192697769,0.09584178498985801,0.1658215010141988,0.012170385395537525,0.10141987829614604,0.03144016227180527,0.1962474645030426,0.0
0.12506856829402085,0.07624794295117937,0.09983543609434997,0.0405924300603401,0.04607789358200768,0.09489851892484914,0.21119034558420186,0.004936917169500823,0.08063631376851343,0.031267142073505214,0.18924849149753153,0.0
0.11734317343173432,0.08265682656826569,0.11070110701107011,0.05977859778597786,0.03099630996309963,0.08929889298892989,0.18671586715867158,0.002952029520295203,0.08856088560885608,0.03616236162361624,0.1948339483394834,0.0
0.12832929782082325,0.06779661016949153,0.09765940274414851,0.046811945117029866,0.041969330104923326,0.09685230024213075,0.1993543179983858,0.01775625504439064,0.07828894269572235,0.0387409200968523,0.1848264729620662,0.0016142050040355124
0.1475211608222491,0.060459492140266025,0.08948004836759371,0.07134220072551391,0.044740024183796856,0.08585247883917775,0.17412333736396615,0.006045949214026602,0.09915356711003627,0.02781136638452237,0.19347037484885127,0.0
0.11578044596912522,0.07204116638078903,0.1057032590051458,0.060248713550600345,0.036663807890222985,0.10120068610634649,0.1914665523156089,0.011149228130360206,0.0726843910806175,0.0411663807890223,0.1914665523156089,0.0004288164665523156
0.10834191555097837,0.07497425334706488,0.10216271884654995,0.06385169927909372,0.035633367662203916,0.0893923789907312,0.18496395468589083,0.01132852729145211,0.07394438722966014,0.04037075180226571,0.21441812564366633,0.0006179196704428424
0.11935704514363885,0.07113543091655267,0.10106019151846785,0.05437756497948017,0.035909712722298225,0.09131326949384405,0.19647742818057456,0.010259917920656635,0.07421340629274965,0.03608071135430917,0.20896032831737346,0.0008549931600547196
0.11490066225165563,0.07119205298013245,0.08543046357615894,0.06556291390728476,0.04602649006622517,0.10827814569536424,0.18874172185430463,0.0076158940397350995,0.07947019867549669,0.031788079470198675,0.20033112582781457,0.0006622516556291391
0.11455727863931967,0.05302651325662831,0.0975487743871936,0.05152576288144072,0.03751875937968985,0.1055527763881941,0.21510755377688845,0.007503751875937969,0.07253626813406704,0.03451725862931466,0.21010505252626313,0.0005002501250625312
0.11353431686978832,0.07889672867222579,0.09749839640795381,0.06093649775497113,0.026298909557408594,0.10840282232200128,0.21744708146247593,0.007697241821680564,0.06093649775497113,0.027581783194355357,0.20012828736369467,0.0006414368184733803
0.11391801715919923,0.08341277407054337,0.1005719733079123,0.061010486177311724,0.025738798856053385,0.10104861773117255,0.17588179218303146,0.016205910390848427,0.07959961868446139,0.043374642516682556,0.1982840800762631,0.0009532888465204957
0.11444805194805195,0.06574675324675325,0.09699675324675325,0.05803571428571429,0.040990259740259744,0.1075487012987013,0.18547077922077923,0.010146103896103896,0.07751623376623376,0.03612012987012987,0.205762987012987,0.0012175324675324675
0.1140819964349376,0.06105169340463458,0.08199643493761141,0.06951871657754011,0.04055258467023173,0.09536541889483066,0.1680035650623886,0.009358288770053475,0.0944741532976827,0.04233511586452763,0.22281639928698752,0.000445632798573975
0.11021814006888633,0.06544202066590127,0.09605817068503636,0.04898584003061615,0.0440107156525067,0.09605817068503636,0.2158438576349024,0.012629161882893225,0.08304630692690394,0.03482587064676617,0.19211634137007272,0.0007654037504783774
0.10919248349415947,0.07008633824276282,0.0893854748603352,0.07364144235652616,0.02691721686135094,0.10970035551041138,0.17369222955815133,0.01218892839004571,0.07465718638902996,0.04266124936515998,0.2143219908583037,0.0035551041137633316
0.10819462227912932,0.06274007682458387,0.12596030729833546,0.06418053777208707,0.031209987195902688,0.11267605633802817,0.18149807938540333,0.0190460947503201,0.06274007682458387,0.0308898847631242,0.19878361075544174,0.0020806658130601793
0.11377644511077795,0.06146926536731634,0.10361485923704815,0.05930368149258704,0.03981342662002332,0.08079293686490088,0.18207562885224055,0.00849575212393803,0.08045977011494253,0.04447776111944028,0.22488755622188905,0.0008329168748958854
0.10168625447112928,0.07332652018395504,0.11343893714869699,0.0675779253960143,0.0370464997445069,0.08661216147164026,0.1792284108329075,0.0062595809913132345,0.07754215636177823,0.037685232498722535,0.2190853346959632,0.000510986203372509
0.10203052087274561,0.06747383024341026,0.1181737924076176,0.05650145037205196,0.026611174170765545,0.1012738050195485,0.20456551898095598,0.01563879429940724,0.08059023836549375,0.03934922436625047,0.1874132929751545,0.00037835792659856227
0.10975056689342404,0.0582010582010582,0.10793650793650794,0.05502645502645503,0.027966742252456538,0.09705215419501134,0.2021164021164021,0.014058956916099773,0.08798185941043084,0.036583522297808015,0.2021164021164021,0.0012093726379440665
0.11002591189954156,0.057803468208092484,0.10324895355790313,0.0611919473789117,0.04345226230815228,0.10045844129958142,0.19752840342834363,0.01295594977077935,0.08112417779549531,0.033486147099860475,0.1979270480366753,0.0007972892166633447
0.12074922713220586,0.06310238225131842,0.09783597017639571,0.055100927441352976,0.03600654664484452,0.09201673031460265,0.19603564284415348,0.013275140934715404,0.08001454809965448,0.03873431533006001,0.20621931260229132,0.0009092562284051646
0.11325301204819277,0.0856760374832664,0.09049531459170014,0.05167336010709505,0.028380187416331994,0.09477911646586346,0.2034805890227577,0.01713520749665328,0.0749665327978581,0.038286479250334675,0.20133868808567604,0.000535475234270415
0.11309192200557103,0.05905292479108635,0.10306406685236769,0.06573816155988858,0.04373259052924791,0.10557103064066853,0.18662952646239556,0.006685236768802228,0.07966573816155989,0.03426183844011142,0.20167130919220055,0.0008356545961002785
0.10651041666666666,0.07057291666666667,0.10364583333333334,0.0640625,0.03671875,0.09453125,0.17526041666666667,0.0067708333333333336,0.075,0.04192708333333333,0.225,0.0
0.10443290734824281,0.0648961661341853,0.09764376996805112,0.06150159744408946,0.03773961661341853,0.08885782747603833,0.1853035143769968,0.0059904153354632585,0.07468051118210862,0.05051916932907348,0.22803514376996806,0.00039936102236421724
0.10853976531942634,0.07235984354628422,0.0984354628422425,0.05215123859191656,0.03585397653194263,0.09713168187744459,0.189374185136897,0.00423728813559322,0.0863754889178618,0.038461538461538464,0.21642764015645372,0.000651890482398957
0.11146245059288537,0.07272727272727272,0.10395256916996047,0.07312252964426877,0.028458498023715414,0.12292490118577075,0.20039525691699606,0.009881422924901186,0.054940711462450595,0.04387351778656127,0.1774703557312253,0.0007905138339920949
0.14340344168260039,0.04397705544933078,0.1118546845124283,0.05066921606118547,0.015296367112810707,0.09560229445506692,0.19407265774378585,0.01338432122370937,0.09273422562141491,0.04206500956022945,0.1950286806883365,0.0019120458891013384
0.1355805243445693,0.08764044943820225,0.0853932584269663,0.04119850187265917,0.038202247191011236,0.08389513108614233,0.19250936329588014,0.012734082397003745,0.07940074906367041,0.038202247191011236,0.20224719101123595,0.00299625468164794
0.12617114303560276,0.06183635227982511,0.09806371018113678,0.04934415990006246,0.02560899437851343,0.10118675827607745,0.21111805121798877,0.01311680199875078,0.06995627732667083,0.0443472829481574,0.19862585883822612,0.0006246096189881324
0.10722610722610723,0.06701631701631702,0.09965034965034965,0.051864801864801864,0.030885780885780884,0.10314685314685315,0.2196969696969697,0.012237762237762238,0.07925407925407925,0.0337995337995338,0.19463869463869463,0.0005827505827505828
0.09764309764309764,0.05985783763561541,0.09988776655443322,0.056490834268612046,0.03890759446315002,0.10213243546576879,0.20089786756453423,0.010101010101010102,0.07519640852974187,0.04638982416760194,0.21212121212121213,0.0003741114852225963
0.10175578611332801,0.05546687948922586,0.10095770151636073,0.06384676775738228,0.0426975259377494,0.10893854748603352,0.19074221867517957,0.007182761372705506,0.09537110933758979,0.028731045490822026,0.20351157222665603,0.0007980845969672786
0.1048064085447263,0.06608811748998665,0.10881174899866489,0.056742323097463285,0.028037383177570093,0.1054739652870494,0.19492656875834447,0.012016021361815754,0.07476635514018691,0.04005340453938585,0.2082777036048064,0.0
0.10849056603773585,0.07547169811320754,0.09853249475890985,0.051362683438155136,0.029874213836477988,0.09905660377358491,0.1918238993710692,0.006813417190775681,0.09067085953878407,0.03563941299790356,0.21226415094339623,0.0
0.10116929334011185,0.08235892221657347,0.09659379766141332,0.04931367564819522,0.03355363497712252,0.09405185561769192,0.21403152008134216,0.013726487036095577,0.07473309608540925,0.043721403152008134,0.1962379257752923,0.0005083884087442806
0.12184873949579832,0.07247899159663866,0.10241596638655462,0.058298319327731093,0.04044117647058824,0.09033613445378151,0.21165966386554622,0.009978991596638655,0.07510504201680672,0.03623949579831933,0.1796218487394958,0.0015756302521008404
0.10298324478953821,0.0551695954229669,0.08990600735594606,0.061708214139762976,0.03759705762157744,0.09848794442174091,0.20637515324887618,0.013894564773191663,0.07478545157335513,0.03759705762157744,0.21986105435226808,0.0016346546791990192
0.09943289224952741,0.06843100189035917,0.09792060491493383,0.057088846880907373,0.036294896030245744,0.11266540642722117,0.20907372400756144,0.007939508506616257,0.08052930056710775,0.034026465028355386,0.19659735349716445,0.0
0.10746987951807228,0.06795180722891567,0.09445783132530121,0.04096385542168675,0.029397590361445784,0.09012048192771084,0.20096385542168674,0.004819277108433735,0.09301204819277109,0.04048192771084337,0.2289156626506024,0.0014457831325301205
0.0809119356280733,0.06481895395619133,0.11890925346446134,0.05632543585158695,0.030397854269110416,0.11175681716584712,0.2087617344658024,0.0049172999552972736,0.0813589628967367,0.04604380867232901,0.19535091640590077,0.0004470272686633885
0.11857846586910627,0.0633356790992259,0.0960591133004926,0.05031667839549613,0.03764954257565095,0.10274454609429978,0.18156228008444758,0.017593244194229415,0.07881773399014778,0.03976073187895848,0.21287825475017594,0.0007037297677691766
0.11499436302142052,0.0834272829763247,0.10597519729425028,0.03551296505073281,0.02367531003382187,0.0992108229988726,0.20631341600901917,0.0062006764374295375,0.08511837655016911,0.03945885005636979,0.19785794813979707,0.002254791431792559
0.12087421944692239,0.08251561106155218,0.10347903657448707,0.05798394290811775,0.037020517395182875,0.08519179304192685,0.19580731489741302,0.008028545941123996,0.08608385370205174,0.034344335414808205,0.1886708296164139,0.0
0.09813084112149532,0.06635514018691589,0.13271028037383178,0.05700934579439252,0.026168224299065422,0.11682242990654206,0.18317757009345795,0.005607476635514018,0.06728971962616823,0.03925233644859813,0.20373831775700935,0.003738317757009346
0.13029661016949154,0.0713276836158192,0.096045197740113,0.062146892655367235,0.029661016949152543,0.0981638418079096,0.21362994350282485,0.022245762711864406,0.08086158192090395,0.026836158192090395,0.16807909604519775,0.0007062146892655367
0.1089238845144357,0.061351706036745404,0.09809711286089239,0.05905511811023622,0.03674540682414698,0.08661417322834646,0.18930446194225722,0.010170603674540682,0.09153543307086615,0.04133858267716536,0.21456692913385828,0.0022965879265091863
0.11912118091314795,0.06007552351527635,0.08685204256779952,0.06797116374871266,0.03844833504977686,0.09989701338825953,0.16855475454857535,0.013044970820460007,0.09200137315482321,0.03158256093374528,0.2207346378304154,0.0017164435290078957
0.10081148564294631,0.06585518102372034,0.11548064918851436,0.06803995006242197,0.027153558052434457,0.1017478152309613,0.18352059925093633,0.007802746566791511,0.08364544319600499,0.041510611735330834,0.2034956304619226,0.0009363295880149813
0.11143410852713179,0.06847545219638243,0.09819121447028424,0.061046511627906974,0.03456072351421188,0.09819121447028424,0.19444444444444445,0.010981912144702842,0.07784237726098191,0.0355297157622739,0.20768733850129198,0.001614987080103359
0.13267510027769208,0.059858068497377355,0.08731872878741129,0.049367479173094725,0.025609379821042888,0.08978710274606604,0.18759642085775996,0.017587164455414996,0.0910212897253934,0.040728170317803146,0.21721690836161678,0.001234186979327368
0.1199400299850075,0.0734632683658171,0.09195402298850575,0.04997501249375312,0.031484257871064465,0.10394802598700649,0.21739130434782608,0.01199400299850075,0.0704647676161919,0.031484257871064465,0.19740129935032483,0.0004997501249375312
0.09697164948453608,0.07119845360824742,0.12306701030927836,0.04381443298969072,0.029639175257731958,0.10985824742268041,0.226159793814433,0.011920103092783504,0.0702319587628866,0.030283505154639175,0.18685567010309279,0.0
0.10650642353916287,0.07687525901367592,0.10567757977621219,0.053874844591794445,0.03398259428097804,0.09531703273932864,0.2204724409448819,0.008910070451719852,0.06837961044343141,0.032117695814338994,0.19747202652300042,0.0004144218814753419
0.11075210913660025,0.07539041464728057,0.10034105187578532,0.05744031592173757,0.03338718362950996,0.09010949560222581,0.18470651588583736,0.004667025668641177,0.076826422545324,0.04792676359719979,0.21773469754083646,0.0007180039490217197
0.07894736842105263,0.07894736842105263,0.13157894736842105,0.10526315789473684,0.0,0.10526315789473684,0.21052631578947367,0.0,0.05263157894736842,0.0,0.23684210526315788,0.0
0.0972644376899696,0.056990881458966566,0.11398176291793313,0.047872340425531915,0.03343465045592705,0.12689969604863222,0.19908814589665655,0.020516717325227963,0.067629179331307,0.04027355623100304,0.1952887537993921,0.0007598784194528875
0.11574697173620457,0.058546433378196504,0.08950201884253028,0.05450874831763122,0.03633916554508748,0.10026917900403769,0.2018842530282638,0.008075370121130552,0.08142664872139974,0.033647375504710635,0.2180349932705249,0.002018842530282638
0.11564625850340136,0.058084772370486655,0.0999476713762428,0.05023547880690738,0.034013605442176874,0.09366823652537938,0.20198848770277342,0.0141287284144427,0.0847723704866562,0.035583464154892726,0.21036106750392464,0.0015698587127158557
0.12365204888569374,0.05966930265995687,0.07117181883537024,0.05751258087706686,0.021567217828900073,0.08483105679367361,0.19482386772106397,0.0035945363048166786,0.09561466570812366,0.04960460100647016,0.23795830337886412,0.0
0.1063504208110176,0.05814843152257077,0.08263198163733741,0.05814843152257077,0.023718439173680182,0.08875286916602908,0.18974751338944146,0.0076511094108645756,0.0971690895179801,0.05202754399387911,0.23565416985462892,0.0
0.11473272490221642,0.07431551499348109,0.10299869621903521,0.0560625814863103,0.038461538461538464,0.07561929595827901,0.20534550195567144,0.017601043024771838,0.0651890482398957,0.03455019556714472,0.21251629726205998,0.002607561929595828
0.10941704035874439,0.07174887892376682,0.08340807174887892,0.039461883408071746,0.033183856502242155,0.1210762331838565,0.22152466367713006,0.013452914798206279,0.053811659192825115,0.04753363228699552,0.20448430493273542,0.0008968609865470852
0.10795642126114229,0.08715747771541763,0.09871244635193133,0.06602839220864971,0.027401782766589635,0.09045889732585012,0.20138659623638164,0.017167381974248927,0.05975569494882799,0.0366457576758006,0.20699900957411688,0.0003301419610432486
0.12182554287817446,0.055944055944055944,0.08906882591093117,0.06440927493559072,0.041221935958778065,0.10857563489142437,0.1589988958410011,0.007729112992270887,0.09900625690099374,0.03827751196172249,0.21347073978652925,0.001472211998527788
0.11084905660377359,0.05660377358490566,0.10200471698113207,0.04540094339622641,0.04068396226415094,0.09669811320754718,0.1792452830188679,0.010023584905660377,0.10259433962264151,0.03419811320754717,0.22110849056603774,0.0005896226415094339
0.11915159076731129,0.06082345601996257,0.09263880224578915,0.05988771054273238,0.031191515907673113,0.09731752963194011,0.19463505926388022,0.008733624454148471,0.07641921397379912,0.04086088583905178,0.2164691203992514,0.0018714909544603868
0.09712054660810152,0.06979014153245486,0.0951683748169839,0.061981454367984384,0.037579306979014154,0.09907271839921913,0.18789653489507077,0.015129331381161543,0.07857491459248414,0.042947779404587605,0.21425085407515862,0.0004880429477794046
0.10728218465539661,0.05721716514954486,0.12093628088426528,0.055266579973992196,0.03966189856957087,0.11053315994798439,0.19375812743823148,0.010403120936280884,0.07737321196358908,0.025357607282184655,0.2022106631989597,0.0
0.10355392156862746,0.06862745098039216,0.09620098039215687,0.04044117647058824,0.031862745098039214,0.09620098039215687,0.20894607843137256,0.011029411764705883,0.07598039215686274,0.051470588235294115,0.21568627450980393,0.0
0.1097293343087052,0.06217995610826628,0.09765910753474762,0.04901243599122165,0.03840526700804682,0.09948792977322604,0.19934162399414776,0.017922457937088514,0.08046817849305048,0.034747622531089976,0.2099487929773226,0.0010972933430870519
0.10585305105853052,0.058530510585305104,0.09526774595267747,0.05105853051058531,0.033623910336239106,0.10211706102117062,0.19987546699875466,0.007471980074719801,0.0896637608966376,0.043586550435865505,0.2129514321295143,0.0
0.11859838274932614,0.07457322551662174,0.09793351302785265,0.05750224618149147,0.017070979335130278,0.1069182389937107,0.2165318957771788,0.020664869721473494,0.06019766397124888,0.042228212039532795,0.18238993710691823,0.005390835579514825
0.1071228266965788,0.06842400448681997,0.09702748177229388,0.06954570947840717,0.025799214806505887,0.11721817162086372,0.19068984856982613,0.012899607403252944,0.062254627033090294,0.045989904655075714,0.20134604598990466,0.0016825574873808188
0.09284116331096197,0.05480984340044743,0.11595824011931395,0.048471290082028336,0.03877703206562267,0.10477255779269203,0.19052945563012677,0.01603281133482476,0.08202833706189411,0.04697986577181208,0.2076808351976137,0.0011185682326621924
0.10970996216897856,0.05674653215636822,0.10592686002522068,0.05233291298865069,0.03783102143757881,0.10025220680958385,0.18978562421185372,0.0069356872635561164,0.09205548549810845,0.029634300126103404,0.21815889029003782,0.0006305170239596469
0.11669770328988206,0.08255741775294848,0.11359404096834265,0.05648665425201738,0.028553693358162633,0.0931098696461825,0.18746120422098075,0.012414649286157667,0.07635009310986965,0.03662321539416512,0.19553072625698323,0.0006207324643078833
0.10700876095118898,0.07133917396745933,0.11389236545682102,0.039424280350438046,0.03316645807259074,0.10700876095118898,0.19712140175219023,0.008135168961201502,0.08072590738423029,0.038172715894868585,0.20337922403003755,0.0006257822277847309
0.09269558769002595,0.07601038190582128,0.10196514645902854,0.054505005561735265,0.030774935113088618,0.09862810530218762,0.17945865776789025,0.008527994067482388,0.07897664071190211,0.05079718205413422,0.22766036336670376,0.0
0.11829165495925822,0.07277325091317786,0.10030907558302894,0.06546782804158471,0.03540320314695139,0.08906996347288564,0.17167743748243888,0.005900533857825232,0.08260747400955325,0.039336892385501546,0.21691486372576566,0.00224782242202866
0.11785095320623917,0.07348353552859618,0.10641247833622183,0.04714038128249567,0.02703639514731369,0.09809358752166378,0.20207972270363952,0.013518197573656845,0.06724436741767764,0.03743500866551126,0.20901213171577124,0.0006932409012131716
0.14399624765478425,0.07223264540337711,0.07833020637898687,0.04549718574108818,0.02626641651031895,0.10084427767354597,0.2026266416510319,0.01125703564727955,0.07176360225140713,0.03799249530956848,0.2073170731707317,0.001876172607879925
0.1213546566321731,0.06302916274694262,0.09924741298212605,0.06679209783631232,0.03433678269049859,0.10112888052681092,0.18203198494825965,0.009877704609595485,0.06726246472248354,0.04985888993414864,0.2041392285983067,0.0009407337723424271
0.1375818939845146,0.0547945205479452,0.08278737343656939,0.058368076235854674,0.024419297200714712,0.10899344848123883,0.1816557474687314,0.01072066706372841,0.07504466944609887,0.04050029779630732,0.22334723049434188,0.001786777843954735
0.1392330383480826,0.06725663716814159,0.10383480825958702,0.03775811209439528,0.03008849557522124,0.1056047197640118,0.19646017699115045,0.014749262536873156,0.06902654867256637,0.04129793510324484,0.19469026548672566,0.0
